开奖日期	                开奖号码
2023-07-03(一)	[07 17 20 23 32 05 11]
2023-07-01(六)	[03 13 22 29 34 02 09]
2023-06-28(三)	[15 25 28 30 35 08 10]
2023-06-26(一)	[05 06 09 11 14 02 04]
2023-06-24(六)	[02 11 12 32 34 10 12]
2023-06-21(三)	[10 26 29 32 33 03 11]
2023-06-19(一)	[08 20 21 25 32 05 07]
2023-06-17(六)	[21 22 24 27 31 07 08]
2023-06-14(三)	[02 28 30 33 35 02 10]
2023-06-12(一)	[06 11 13 30 32 01 03]
2023-06-10(六)	[08 14 16 21 25 03 12]
2023-06-07(三)	[02 06 09 31 32 03 07]
2023-06-05(一)	[04 18 29 31 34 06 09]
2023-06-03(六)	[06 08 22 24 30 01 08]
2023-05-31(三)	[07 11 21 30 32 05 07]
2023-05-29(一)	[02 07 19 24 30 09 12]
2023-05-27(六)	[09 13 23 25 28 04 07]
2023-05-24(三)	[19 22 29 32 35 05 08]
2023-05-22(一)	[01 05 06 19 24 05 11]
2023-05-20(六)	[13 22 24 33 34 01 02]
2023-05-17(三)	[06 08 12 13 15 01 06]
2023-05-15(一)	[19 25 30 31 34 07 09]
2023-05-13(六)	[01 03 11 14 20 02 11]
2023-05-10(三)	[02 08 11 30 33 05 08]
2023-05-08(一)	[03 11 19 29 33 03 12]
2023-05-06(六)	[08 09 14 25 29 04 06]
2023-05-03(三)	[03 17 22 26 28 07 12]
2023-05-01(一)	[07 13 16 25 32 09 11]
2023-04-29(六)	[10 12 13 24 25 11 12]
2023-04-26(三)	[13 21 25 28 32 02 10]
2023-04-24(一)	[07 10 13 28 31 04 05]
2023-04-22(六)	[02 06 07 08 15 07 10]
2023-04-19(三)	[02 04 17 20 27 01 08]
2023-04-17(一)	[02 16 21 23 27 01 08]
2023-04-15(六)	[05 08 13 26 35 05 09]
2023-04-12(三)	[04 05 18 22 30 05 12]
2023-04-10(一)	[02 24 26 30 34 06 07]
2023-04-08(六)	[04 10 18 27 32 10 12]
2023-04-05(三)	[06 08 16 20 24 07 08]
2023-04-03(一)	[01 13 22 26 31 02 10]
2023-04-01(六)	[07 14 23 25 29 02 11]
2023-03-29(三)	[07 09 10 15 24 04 12]
2023-03-27(一)	[04 06 10 11 25 07 09]
2023-03-25(六)	[05 06 18 28 30 02 07]
2023-03-22(三)	[05 07 08 16 25 03 11]
2023-03-20(一)	[06 11 12 20 35 05 12]
2023-03-18(六)	[07 25 27 34 35 09 11]
2023-03-15(三)	[01 03 29 30 34 04 12]
2023-03-13(一)	[09 10 12 15 23 03 06]
2023-03-11(六)	[02 13 24 27 30 01 06]
2023-03-08(三)	[03 09 27 30 31 11 12]
2023-03-06(一)	[11 15 24 27 30 01 10]
2023-03-04(六)	[09 21 23 25 33 03 10]
2023-03-01(三)	[07 11 15 26 28 08 10]
2023-02-27(一)	[02 09 18 23 27 03 05]
2023-02-25(六)	[05 06 23 25 28 06 09]
2023-02-22(三)	[05 08 09 11 15 06 08]
2023-02-20(一)	[04 08 17 26 30 03 11]
2023-02-18(六)	[02 05 09 22 27 10 11]
2023-02-15(三)	[02 04 12 31 32 07 11]
2023-02-13(一)	[08 16 24 25 34 08 12]
2023-02-11(六)	[03 08 18 22 24 01 09]
2023-02-08(三)	[01 02 09 23 25 02 06]
2023-02-06(一)	[07 16 17 18 28 02 03]
2023-02-04(六)	[02 07 08 17 25 01 03]
2023-02-01(三)	[05 06 13 23 26 01 06]
2023-01-30(一)	[01 05 11 15 33 01 10]
2023-01-18(三)	[04 09 17 22 25 01 05]
2023-01-16(一)	[02 03 24 30 32 01 06]
2023-01-14(六)	[02 04 12 27 35 06 07]
2023-01-11(三)	[01 03 10 20 29 06 11]
2023-01-09(一)	[04 13 15 20 22 04 08]
2023-01-07(六)	[05 06 14 21 22 02 09]
2023-01-04(三)	[11 14 21 26 27 02 07]
2023-01-02(一)	[18 19 24 27 34 11 12]
2022-12-31(六)	[06 07 26 29 30 03 12]
2022-12-28(三)	[15 19 22 26 28 02 07]
2022-12-26(一)	[04 05 06 26 27 07 12]
2022-12-24(六)	[04 12 22 28 30 09 11]
2022-12-21(三)	[01 21 23 28 35 07 09]
2022-12-19(一)	[10 20 29 30 35 06 09]
2022-12-17(六)	[03 04 08 15 21 04 07]
2022-12-14(三)	[10 13 14 27 33 07 08]
2022-12-12(一)	[07 12 14 29 35 01 11]
2022-12-10(六)	[05 06 14 24 25 02 04]
2022-12-07(三)	[05 15 25 26 29 04 12]
2022-12-05(一)	[01 13 14 22 35 02 05]
2022-12-03(六)	[05 13 16 27 33 07 12]
2022-11-30(三)	[05 06 08 15 20 07 08]
2022-11-28(一)	[01 11 15 17 33 03 11]
2022-11-26(六)	[09 10 27 31 32 01 03]
2022-11-23(三)	[03 16 23 27 32 03 06]
2022-11-21(一)	[01 02 14 30 31 06 09]
2022-11-19(六)	[02 27 30 34 35 09 12]
2022-11-16(三)	[02 06 08 10 17 05 06]
2022-11-14(一)	[05 07 15 18 23 05 10]
2022-11-12(六)	[10 17 23 34 35 01 04]
2022-11-09(三)	[10 19 21 23 35 04 10]
2022-11-07(一)	[02 03 08 09 20 04 10]
2022-11-05(六)	[04 05 08 22 35 01 03]
2022-11-02(三)	[03 07 14 16 19 01 11]
2022-10-31(一)	[02 04 11 25 30 06 12]
2022-10-29(六)	[02 20 28 29 30 07 10]
2022-10-26(三)	[04 15 17 19 25 06 12]
2022-10-24(一)	[04 15 16 20 21 04 05]
2022-10-22(六)	[11 22 26 30 33 03 05]
2022-10-19(三)	[01 09 16 25 29 04 09]
2022-10-17(一)	[02 05 15 17 26 02 08]
2022-10-15(六)	[09 12 15 21 32 02 07]
2022-10-12(三)	[01 07 20 22 31 07 12]
2022-10-10(一)	[17 19 20 23 27 03 08]
2022-10-08(六)	[11 21 24 27 28 05 10]
2022-10-05(三)	[13 15 22 31 33 05 12]
2022-09-28(三)	[04 11 18 20 26 06 12]
2022-09-26(一)	[06 12 16 19 31 06 10]
2022-09-24(六)	[02 13 16 18 23 03 06]
2022-09-21(三)	[05 09 24 29 35 05 12]
2022-09-19(一)	[04 07 13 26 28 07 11]
2022-09-17(六)	[07 09 19 28 29 08 10]
2022-09-14(三)	[16 17 21 28 32 04 07]
2022-09-12(一)	[01 08 09 21 22 01 04]
2022-09-10(六)	[03 05 13 19 25 02 05]
2022-09-07(三)	[08 12 16 21 32 01 12]
2022-09-05(一)	[01 05 14 20 30 02 04]
2022-09-03(六)	[02 04 06 07 08 03 06]
2022-08-31(三)	[10 19 20 23 31 03 07]
2022-08-29(一)	[07 18 25 27 33 04 05]
2022-08-27(六)	[01 03 06 11 13 03 11]
2022-08-24(三)	[05 13 22 28 29 05 11]
2022-08-22(一)	[16 19 24 27 33 01 06]
2022-08-20(六)	[05 08 22 25 35 02 07]
2022-08-17(三)	[03 04 07 12 19 02 05]
2022-08-15(一)	[07 11 14 21 29 07 10]
2022-08-13(六)	[01 04 12 23 29 05 12]
2022-08-10(三)	[02 11 20 22 34 04 12]
2022-08-08(一)	[01 20 24 25 31 09 12]
2022-08-06(六)	[01 20 21 31 33 03 11]
2022-08-03(三)	[01 08 10 20 35 06 11]
2022-08-01(一)	[04 06 10 24 28 06 12]
2022-07-30(六)	[04 10 21 28 31 08 11]
2022-07-27(三)	[11 16 31 33 35 06 08]
2022-07-25(一)	[03 11 19 25 27 04 12]
2022-07-23(六)	[02 09 17 26 32 04 06]
2022-07-20(三)	[04 26 27 30 33 02 09]
2022-07-18(一)	[05 10 19 31 32 09 10]
2022-07-16(六)	[10 17 30 31 34 03 06]
2022-07-13(三)	[07 10 19 26 32 08 12]
2022-07-11(一)	[02 03 18 20 27 01 02]
2022-07-09(六)	[05 10 11 16 19 01 10]
2022-07-06(三)	[05 17 30 34 35 02 09]
2022-07-04(一)	[04 12 13 17 18 07 09]
2022-07-02(六)	[02 06 21 25 28 02 06]
2022-06-29(三)	[11 18 21 25 32 02 04]
2022-06-27(一)	[01 12 13 15 30 03 07]
2022-06-25(六)	[09 15 19 25 29 08 09]
2022-06-22(三)	[01 07 17 23 35 07 11]
2022-06-20(一)	[02 03 23 28 35 02 09]
2022-06-18(六)	[03 06 10 15 23 03 08]
2022-06-15(三)	[04 14 15 32 33 10 11]
2022-06-13(一)	[02 24 25 26 34 03 12]
2022-06-11(六)	[05 10 13 22 28 01 04]
2022-06-08(三)	[02 19 22 25 35 05 07]
2022-06-06(一)	[02 03 22 26 31 06 10]
2022-06-04(六)	[05 09 11 12 31 07 11]
2022-06-01(三)	[06 09 19 22 30 01 06]
2022-05-30(一)	[02 06 10 11 20 03 09]
2022-05-28(六)	[04 15 18 32 34 04 09]
2022-05-25(三)	[03 04 24 26 35 07 08]
2022-05-23(一)	[06 12 18 21 35 07 10]
2022-05-21(六)	[02 11 15 17 31 07 09]
2022-05-18(三)	[01 02 12 15 23 04 06]
2022-05-16(一)	[05 16 21 23 34 07 10]
2022-05-14(六)	[09 17 19 20 25 01 09]
2022-05-11(三)	[01 13 18 29 35 04 09]
2022-05-09(一)	[01 16 17 19 33 05 06]
2022-05-07(六)	[02 10 21 24 30 08 10]
2022-05-04(三)	[06 10 20 28 35 01 10]
2022-05-02(一)	[16 22 28 29 32 08 09]
2022-04-30(六)	[07 10 11 12 33 03 11]
2022-04-27(三)	[06 07 12 22 27 03 05]
2022-04-25(一)	[02 03 07 12 20 01 05]
2022-04-23(六)	[01 02 16 17 20 03 07]
2022-04-20(三)	[02 16 17 24 30 09 12]
2022-04-18(一)	[08 10 11 29 32 02 06]
2022-04-16(六)	[05 15 25 26 33 06 11]
2022-04-13(三)	[10 19 25 29 33 08 12]
2022-04-11(一)	[01 08 11 22 31 05 11]
2022-04-09(六)	[07 09 11 12 26 09 12]
2022-04-06(三)	[01 09 17 20 28 06 10]
2022-04-04(一)	[18 19 21 26 34 06 07]
2022-04-02(六)	[09 11 13 23 31 05 08]
2022-03-30(三)	[02 10 24 27 28 06 07]
2022-03-28(一)	[08 15 16 19 33 03 04]
2022-03-26(六)	[05 09 18 31 32 01 05]
2022-03-23(三)	[07 14 16 20 28 04 08]
2022-03-21(一)	[12 14 15 21 30 01 09]
2022-03-19(六)	[07 08 10 14 17 10 12]
2022-03-16(三)	[04 09 16 17 35 01 07]
2022-03-14(一)	[03 06 11 31 32 05 12]
2022-03-12(六)	[11 14 22 23 27 08 10]
2022-03-09(三)	[04 07 22 24 29 01 07]
2022-03-07(一)	[01 02 11 30 35 01 12]
2022-03-05(六)	[04 05 18 20 25 11 12]
2022-03-02(三)	[01 05 14 17 28 06 07]
2022-02-28(一)	[11 15 16 18 35 06 09]
2022-02-26(六)	[16 17 30 31 35 08 09]
2022-02-23(三)	[01 04 07 17 21 01 02]
2022-02-21(一)	[16 21 29 31 34 06 09]
2022-02-19(六)	[10 14 18 23 25 07 11]
2022-02-16(三)	[01 07 17 26 32 01 09]
2022-02-14(一)	[01 02 08 12 30 05 12]
2022-02-12(六)	[01 04 10 18 32 01 09]
2022-02-09(三)	[04 09 16 25 32 05 06]
2022-01-26(三)	[03 05 10 33 34 07 10]
2022-01-24(一)	[03 05 17 24 32 05 12]
2022-01-22(六)	[04 19 25 31 35 02 11]
2022-01-19(三)	[13 14 18 31 33 07 10]
2022-01-17(一)	[01 02 13 18 34 06 07]
2022-01-15(六)	[05 22 23 25 35 03 11]
2022-01-12(三)	[01 05 07 17 20 05 12]
2022-01-10(一)	[02 13 17 19 34 05 09]
2022-01-08(六)	[07 20 27 30 33 03 04]
2022-01-05(三)	[02 18 24 25 34 08 12]
2022-01-03(一)	[04 06 07 09 24 04 12]
2022-01-01(六)	[08 11 19 22 29 03 11]
2021-12-29(三)	[04 10 11 23 26 07 10]
2021-12-27(一)	[20 26 28 30 35 10 11]
2021-12-25(六)	[01 04 12 16 29 04 08]
2021-12-22(三)	[01 02 08 12 26 01 07]
2021-12-20(一)	[03 05 08 18 20 09 11]
2021-12-18(六)	[03 08 25 29 30 01 06]
2021-12-15(三)	[03 20 25 30 34 02 09]
2021-12-13(一)	[09 17 19 29 34 04 11]
2021-12-11(六)	[11 13 17 19 25 02 09]
2021-12-08(三)	[02 08 16 29 34 05 12]
2021-12-06(一)	[05 24 26 33 35 09 12]
2021-12-04(六)	[05 13 18 23 34 08 09]
2021-12-01(三)	[09 11 12 15 31 05 11]
2021-11-29(一)	[02 07 13 14 19 04 05]
2021-11-27(六)	[08 12 19 27 33 02 05]
2021-11-24(三)	[04 07 17 29 31 05 06]
2021-11-22(一)	[02 06 14 19 28 01 06]
2021-11-20(六)	[08 09 17 26 28 06 08]
2021-11-17(三)	[04 21 28 29 33 03 11]
2021-11-15(一)	[06 08 16 34 35 05 06]
2021-11-13(六)	[02 03 14 27 28 05 10]
2021-11-10(三)	[02 16 17 18 34 04 10]
2021-11-08(一)	[14 17 18 23 27 05 08]
2021-11-06(六)	[01 02 15 17 26 02 11]
2021-11-03(三)	[01 11 12 34 35 09 12]
2021-11-01(一)	[17 19 21 27 31 04 09]
2021-10-30(六)	[10 17 22 25 35 07 09]
2021-10-27(三)	[08 23 26 27 33 08 09]
2021-10-25(一)	[14 15 26 27 29 04 05]
2021-10-23(六)	[02 15 19 29 30 02 09]
2021-10-20(三)	[05 10 21 25 31 05 11]
2021-10-18(一)	[01 02 09 16 30 09 10]
2021-10-16(六)	[14 17 18 28 34 02 03]
2021-10-13(三)	[11 18 21 22 33 05 06]
2021-10-11(一)	[04 25 28 29 35 03 11]
2021-10-09(六)	[08 13 19 20 29 06 10]
2021-10-06(三)	[08 09 13 29 30 01 11]
2021-09-29(三)	[17 18 25 27 28 04 08]
2021-09-27(一)	[18 21 22 23 35 11 12]
2021-09-25(六)	[07 08 15 19 28 08 09]
2021-09-22(三)	[11 14 29 31 32 11 12]
2021-09-20(一)	[03 04 07 27 31 06 09]
2021-09-18(六)	[05 19 22 26 35 02 06]
2021-09-15(三)	[03 05 13 20 25 07 11]
2021-09-13(一)	[02 13 14 32 34 02 12]
2021-09-11(六)	[07 10 11 17 18 04 09]
2021-09-08(三)	[23 25 26 30 33 03 11]
2021-09-06(一)	[04 10 23 30 31 05 11]
2021-09-04(六)	[02 08 11 16 23 02 07]
2021-09-01(三)	[13 18 19 27 32 06 11]
2021-08-30(一)	[07 11 23 26 28 02 07]
2021-08-28(六)	[15 19 27 28 30 03 04]
2021-08-25(三)	[02 07 21 27 33 07 09]
2021-08-23(一)	[11 26 30 31 33 03 10]
2021-08-21(六)	[07 08 10 20 21 01 05]
2021-08-18(三)	[10 15 19 20 30 11 12]
2021-08-16(一)	[05 06 24 27 33 05 12]
2021-08-14(六)	[20 25 27 28 31 08 11]
2021-08-11(三)	[12 14 27 28 34 03 07]
2021-08-09(一)	[01 04 10 21 29 03 05]
2021-08-07(六)	[06 07 19 26 32 06 12]
2021-08-04(三)	[01 17 24 28 35 10 12]
2021-08-02(一)	[02 14 31 34 35 01 07]
2021-07-31(六)	[10 14 15 25 28 03 10]
2021-07-28(三)	[02 03 07 16 17 06 10]
2021-07-26(一)	[01 12 15 26 35 10 11]
2021-07-24(六)	[02 10 14 30 33 06 09]
2021-07-21(三)	[07 09 11 26 35 01 08]
2021-07-19(一)	[01 14 22 29 33 03 10]
2021-07-17(六)	[05 13 24 29 35 07 08]
2021-07-14(三)	[15 16 20 29 30 06 10]
2021-07-12(一)	[06 14 19 26 33 08 11]
2021-07-10(六)	[02 08 17 19 25 01 05]
2021-07-07(三)	[02 06 09 21 25 06 08]
2021-07-05(一)	[06 13 22 25 26 02 04]
2021-07-03(六)	[06 14 15 17 20 01 05]
2021-06-30(三)	[11 14 18 20 25 03 07]
2021-06-28(一)	[08 12 14 20 24 06 10]
2021-06-26(六)	[02 03 15 22 26 03 11]
2021-06-23(三)	[08 11 16 29 35 01 04]
2021-06-21(一)	[03 20 21 22 24 06 12]
2021-06-19(六)	[01 03 24 32 33 04 06]
2021-06-16(三)	[02 20 21 26 30 02 10]
2021-06-14(一)	[01 04 22 23 34 08 09]
2021-06-12(六)	[24 26 29 34 35 09 11]
2021-06-09(三)	[23 25 30 31 35 07 08]
2021-06-07(一)	[01 17 19 32 34 06 10]
2021-06-05(六)	[05 09 14 29 30 09 11]
2021-06-02(三)	[04 06 23 32 34 05 07]
2021-05-31(一)	[15 19 20 26 32 04 07]
2021-05-29(六)	[09 13 25 31 33 03 07]
2021-05-26(三)	[04 16 27 28 35 02 09]
2021-05-24(一)	[13 15 17 23 34 01 11]
2021-05-22(六)	[05 07 19 20 28 05 07]
2021-05-19(三)	[03 11 16 21 26 09 10]
2021-05-17(一)	[03 06 10 11 24 10 11]
2021-05-15(六)	[03 06 17 20 25 03 9]
2021-05-12(三)	[03 06 15 17 35 07 11]
2021-05-10(一)	[02 11 13 14 30 09 12]
2021-05-08(六)	[01 04 14 16 19 03 04]
2021-05-05(三)	[09 22 32 33 35 05 10]
2021-05-03(一)	[01 10 22 23 25 02 12]
2021-05-01(六)	[04 07 17 21 27 10 12]
2021-04-28(三)	[01 06 09 25 33 04 08]
2021-04-26(一)	[06 08 12 14 18 06 08]
2021-04-24(六)	[01 04 06 11 19 07 09]
2021-04-21(三)	[06 18 31 33 35 10 11]
2021-04-19(一)	[07 12 17 19 34 01 10]
2021-04-17(六)	[09 15 20 23 29 04 05]
2021-04-14(三)	[02 05 09 11 32 04 09]
2021-04-12(一)	[02 03 09 16 19 03 07]
2021-04-10(六)	[04 12 14 21 35 02 11]
2021-04-07(三)	[09 11 20 29 32 01 07]
2021-04-05(一)	[10 21 27 29 33 04 12]
2021-04-03(六)	[08 17 25 28 33 07 11]
2021-03-31(三)	[05 11 16 30 32 03 04]
2021-03-29(一)	[08 10 14 25 34 07 08]
2021-03-27(六)	[01 03 05 30 32 01 05]
2021-03-24(三)	[01 11 14 34 35 07 10]
2021-03-22(一)	[01 04 19 20 34 03 05]
2021-03-20(六)	[18 23 25 26 32 02 07]
2021-03-17(三)	[02 06 10 32 33 04 07]
2021-03-15(一)	[02 03 05 17 29 04 10]
2021-03-13(六)	[09 21 22 26 30 04 12]
2021-03-10(三)	[07 11 20 24 27 01 11]
2021-03-08(一)	[17 18 23 30 31 10 12]
2021-03-06(六)	[11 14 21 24 31 02 10]
2021-03-03(三)	[07 09 13 16 32 02 09]
2021-03-01(一)	[02 12 22 30 33 02 04]
2021-02-27(六)	[16 18 29 33 35 09 12]
2021-02-24(三)	[07 21 22 30 33 04 06]
2021-02-22(一)	[01 12 13 28 29 03 04]
2021-02-20(六)	[02 20 23 26 34 05 10]
2021-02-08(一)	[17 21 26 29 32 02 07]
2021-02-06(六)	[08 09 10 19 34 01 02]
2021-02-03(三)	[04 08 17 19 25 01 07]
2021-02-01(一)	[07 13 20 27 29 04 09]
2021-01-30(六)	[21 27 28 30 34 08 11]
2021-01-27(三)	[06 12 20 23 33 01 09]
2021-01-25(一)	[06 09 11 14 21 01 03]
2021-01-23(六)	[01 05 16 22 34 08 11]
2021-01-20(三)	[01 03 20 29 32 05 12]
2021-01-18(一)	[05 19 20 27 33 03 08]
2021-01-16(六)	[05 23 30 34 35 08 10]
2021-01-13(三)	[04 22 25 28 35 04 05]
2021-01-11(一)	[03 07 10 12 35 03 05]
2021-01-09(六)	[05 10 17 23 28 02 08]
2021-01-06(三)	[07 21 28 31 35 04 10]
2021-01-04(一)	[02 16 26 31 34 09 11]
2021-01-02(六)	[02 06 12 19 33 08 09]
2020-12-30(三)	[08 11 13 22 25 04 07]
2020-12-28(一)	[11 24 26 33 35 08 09]
2020-12-26(六)	[03 15 16 17 21 07 10]
2020-12-23(三)	[08 25 27 29 35 02 03]
2020-12-21(一)	[16 17 23 26 32 02 12]
2020-12-19(六)	[10 22 27 33 34 01 11]
2020-12-16(三)	[09 12 13 26 33 04 10]
2020-12-14(一)	[01 04 17 18 26 03 10]
2020-12-12(六)	[01 04 09 22 28 04 12]
2020-12-09(三)	[01 02 03 08 22 01 04]
2020-12-07(一)	[11 15 24 26 35 04 05]
2020-12-05(六)	[01 07 11 15 21 04 11]
2020-12-02(三)	[08 19 29 34 35 06 11]
2020-11-30(一)	[09 17 27 28 35 03 08]
2020-11-28(六)	[05 25 26 30 35 04 10]
2020-11-25(三)	[14 22 24 28 32 07 08]
2020-11-23(一)	[01 09 15 30 33 04 09]
2020-11-21(六)	[07 19 20 23 24 05 10]
2020-11-18(三)	[08 10 12 16 22 03 09]
2020-11-16(一)	[01 09 18 19 23 01 09]
2020-11-14(六)	[10 12 21 24 30 03 07]
2020-11-11(三)	[06 14 18 28 33 02 05]
2020-11-09(一)	[08 11 13 30 32 02 06]
2020-11-07(六)	[05 07 09 20 28 02 07]
2020-11-04(三)	[11 16 20 21 28 05 11]
2020-11-02(一)	[02 20 21 23 32 06 12]
2020-10-31(六)	[02 03 06 07 33 08 09]
2020-10-28(三)	[01 04 13 17 28 03 07]
2020-10-26(一)	[02 03 11 14 27 04 10]
2020-10-24(六)	[03 08 12 13 22 04 12]
2020-10-21(三)	[03 12 23 26 30 04 07]
2020-10-19(一)	[07 12 13 19 23 02 08]
2020-10-17(六)	[07 11 18 20 29 09 12]
2020-10-14(三)	[03 04 05 09 34 07 09]
2020-10-12(一)	[04 05 08 22 33 07 10]
2020-10-10(六)	[02 03 11 15 27 04 12]
2020-10-07(三)	[04 09 15 24 35 04 10]
2020-10-05(一)	[05 25 27 30 34 06 12]
2020-09-30(三)	[07 08 10 25 28 03 11]
2020-09-28(一)	[02 18 25 26 32 02 07]
2020-09-26(六)	[04 06 07 08 16 02 08]
2020-09-23(三)	[06 14 25 27 28 04 11]
2020-09-21(一)	[08 11 17 31 35 07 11]
2020-09-19(六)	[12 16 20 23 31 05 12]
2020-09-16(三)	[05 06 27 28 29 11 12]
2020-09-14(一)	[13 16 20 22 27 01 02]
2020-09-12(六)	[02 07 23 26 35 01 12]
2020-09-09(三)	[01 04 20 23 29 04 08]
2020-09-07(一)	[08 11 15 20 28 04 10]
2020-09-05(六)	[03 04 11 15 28 02 03]
2020-09-02(三)	[02 10 20 24 31 06 12]
2020-08-31(一)	[01 02 17 32 34 04 09]
2020-08-29(六)	[02 11 12 21 34 04 08]
2020-08-26(三)	[01 13 15 32 35 08 10]
2020-08-24(一)	[03 06 22 24 25 09 10]
2020-08-22(六)	[04 16 24 29 35 02 12]
2020-08-19(三)	[14 18 20 28 34 10 11]
2020-08-17(一)	[17 23 28 29 32 01 03]
2020-08-15(六)	[01 08 18 28 30 10 12]
2020-08-12(三)	[02 09 10 21 35 01 07]
2020-08-10(一)	[03 09 10 12 21 04 11]
2020-08-08(六)	[04 10 12 23 27 08 09]
2020-08-05(三)	[11 15 18 20 27 05 06]
2020-08-03(一)	[01 12 16 28 33 03 12]
2020-08-01(六)	[01 22 30 31 32 04 12]
2020-07-29(三)	[05 07 26 30 31 07 10]
2020-07-27(一)	[15 20 23 26 33 02 08]
2020-07-25(六)	[01 08 14 16 28 04 10]
2020-07-22(三)	[06 14 21 34 35 03 10]
2020-07-20(一)	[13 15 26 32 33 05 07]
2020-07-18(六)	[05 10 23 34 35 01 11]
2020-07-15(三)	[11 18 20 21 33 06 07]
2020-07-13(一)	[01 05 14 23 31 02 07]
2020-07-11(六)	[07 08 12 21 26 01 06]
2020-07-08(三)	[12 14 25 34 35 03 12]
2020-07-06(一)	[01 15 22 28 32 03 11]
2020-07-04(六)	[01 15 19 26 27 05 10]
2020-07-01(三)	[17 20 21 22 31 02 08]
2020-06-29(一)	[03 11 25 29 34 03 06]
2020-06-27(六)	[03 04 12 18 34 10 12]
2020-06-24(三)	[11 14 15 19 20 03 07]
2020-06-22(一)	[02 15 18 21 27 03 06]
2020-06-20(六)	[09 11 26 28 35 06 07]
2020-06-17(三)	[02 07 09 19 33 01 07]
2020-06-15(一)	[03 14 16 22 34 02 06]
2020-06-13(六)	[03 11 15 22 30 08 10]
2020-06-10(三)	[03 09 10 15 16 07 09]
2020-06-08(一)	[04 18 27 28 30 03 10]
2020-06-06(六)	[15 24 27 30 34 04 12]
2020-06-03(三)	[02 09 16 23 27 03 08]
2020-06-01(一)	[01 03 22 28 30 02 05]
2020-05-30(六)	[12 13 17 31 32 01 06]
2020-05-27(三)	[03 04 05 11 22 05 06]
2020-05-25(一)	[07 13 20 29 34 04 07]
2020-05-23(六)	[02 17 20 28 29 01 07]
2020-05-20(三)	[01 05 15 22 31 02 09]
2020-05-18(一)	[04 15 20 22 24 01 09]
2020-05-16(六)	[01 04 10 11 14 02 05]
2020-05-13(三)	[01 05 11 12 26 02 07]
2020-05-11(一)	[10 11 22 26 28 02 04]
2020-05-09(六)	[11 13 20 27 31 02 04]
2020-05-06(三)	[07 19 20 31 34 05 08]
2020-05-04(一)	[02 03 09 16 32 03 04]
2020-05-02(六)	[01 02 05 15 21 04 05]
2020-04-29(三)	[01 08 17 27 30 05 06]
2020-04-27(一)	[11 14 17 22 30 07 09]
2020-04-25(六)	[04 05 28 34 35 01 08]
2020-04-22(三)	[04 07 20 25 32 03 09]
2020-04-20(一)	[03 15 26 32 34 08 12]
2020-04-18(六)	[02 14 21 22 26 05 07]
2020-04-15(三)	[03 05 06 24 30 03 07]
2020-04-13(一)	[04 11 23 26 30 01 06]
2020-04-11(六)	[04 14 20 28 35 02 03]
2020-04-08(三)	[10 12 24 31 33 04 09]
2020-04-06(一)	[08 10 12 26 32 05 09]
2020-04-04(六)	[01 12 22 23 33 01 12]
2020-04-01(三)	[09 14 16 24 26 04 12]
2020-03-30(一)	[01 06 07 09 10 02 11]
2020-03-28(六)	[04 08 19 31 35 01 02]
2020-03-25(三)	[01 07 23 24 26 03 07]
2020-03-23(一)	[03 07 09 17 21 03 06]
2020-03-21(六)	[01 04 05 11 35 03 09]
2020-03-18(三)	[01 06 18 32 34 01 03]
2020-03-16(一)	[02 13 19 22 23 02 07]
2020-03-14(六)	[01 08 13 24 32 02 09]
2020-01-20(一)	[19 29 31 34 35 06 10]
2020-01-18(六)	[14 17 19 24 32 01 06]
2020-01-15(三)	[02 10 19 24 30 05 08]
2020-01-13(一)	[09 22 25 31 32 08 12]
2020-01-11(六)	[06 10 33 34 35 01 03]
2020-01-08(三)	[17 20 21 29 30 05 09]
2020-01-06(一)	[23 25 26 30 34 03 07]
2020-01-04(六)	[03 07 18 25 30 02 07]
2020-01-01(三)	[17 25 26 32 34 04 07]
2019-12-30(一)	[07 11 12 16 33 05 07]
2019-12-28(六)	[01 02 07 33 35 06 10]
2019-12-25(三)	[03 04 07 11 30 08 09]
2019-12-23(一)	[09 12 19 22 33 07 08]
2019-12-21(六)	[10 11 26 33 34 01 06]
2019-12-18(三)	[05 09 19 22 32 03 05]
2019-12-16(一)	[02 05 20 28 31 02 11]
2019-12-14(六)	[04 22 23 24 32 06 12]
2019-12-11(三)	[03 04 26 29 33 06 07]
2019-12-09(一)	[02 10 20 21 35 01 12]
2019-12-07(六)	[03 07 08 25 27 03 05]
2019-12-04(三)	[01 05 07 08 11 06 10]
2019-12-02(一)	[04 06 07 20 29 02 04]
2019-11-30(六)	[03 05 12 13 26 07 12]
2019-11-27(三)	[03 16 20 26 29 03 09]
2019-11-25(一)	[04 05 19 25 26 01 11]
2019-11-23(六)	[05 06 07 14 17 10 11]
2019-11-20(三)	[03 12 24 27 34 01 12]
2019-11-18(一)	[03 05 06 13 18 10 12]
2019-11-16(六)	[05 06 14 27 29 06 10]
2019-11-13(三)	[01 13 20 21 26 04 10]
2019-11-11(一)	[10 13 18 23 30 06 12]
2019-11-09(六)	[20 21 25 34 35 03 12]
2019-11-06(三)	[04 07 08 11 16 09 11]
2019-11-04(一)	[05 09 16 18 30 04 07]
2019-11-02(六)	[05 08 09 14 34 02 05]
2019-10-30(三)	[07 17 26 27 30 06 12]
2019-10-28(一)	[03 13 15 26 30 05 12]
2019-10-26(六)	[05 19 25 31 33 10 11]
2019-10-23(三)	[01 02 03 07 17 04 10]
2019-10-21(一)	[06 15 17 22 25 01 09]
2019-10-19(六)	[03 06 09 23 34 02 11]
2019-10-16(三)	[02 03 13 19 26 02 03]
2019-10-14(一)	[01 18 21 25 35 07 08]
2019-10-12(六)	[02 10 16 21 23 02 12]
2019-10-09(三)	[01 18 21 28 32 05 12]
2019-09-30(一)	[03 05 07 20 23 04 11]
2019-09-28(六)	[03 11 27 34 35 01 02]
2019-09-25(三)	[03 10 16 21 33 05 06]
2019-09-23(一)	[06 15 20 23 27 08 10]
2019-09-21(六)	[01 19 23 24 30 04 05]
2019-09-18(三)	[02 07 08 20 25 11 12]
2019-09-16(一)	[24 27 28 31 34 04 08]
2019-09-14(六)	[05 09 19 27 35 02 03]
2019-09-11(三)	[05 08 10 32 35 02 10]
2019-09-09(一)	[01 04 09 14 17 01 06]
2019-09-07(六)	[02 07 19 22 28 03 05]
2019-09-04(三)	[05 12 22 27 32 04 07]
2019-09-02(一)	[05 10 15 19 31 03 06]
2019-08-31(六)	[05 11 18 19 27 05 06]
2019-08-28(三)	[05 08 12 19 21 06 11]
2019-08-26(一)	[04 06 18 27 33 07 09]
2019-08-24(六)	[13 15 17 19 22 03 04]
2019-08-21(三)	[10 17 20 30 35 10 12]
2019-08-19(一)	[02 12 22 23 27 02 06]
2019-08-17(六)	[03 12 17 19 31 02 06]
2019-08-14(三)	[01 12 14 26 27 07 09]
2019-08-12(一)	[16 17 26 29 35 01 07]
2019-08-10(六)	[02 11 15 27 30 02 05]
2019-08-07(三)	[04 13 20 26 28 03 12]
2019-08-05(一)	[13 19 28 30 33 02 12]
2019-08-03(六)	[09 14 18 33 34 03 12]
2019-07-31(三)	[01 05 18 27 33 06 08]
2019-07-29(一)	[05 06 18 19 27 07 12]
2019-07-27(六)	[05 15 16 28 31 02 07]
2019-07-24(三)	[04 05 06 15 26 08 11]
2019-07-22(一)	[12 23 25 34 35 01 07]
2019-07-20(六)	[17 24 26 28 32 07 09]
2019-07-17(三)	[06 18 20 21 31 03 04]
2019-07-15(一)	[06 24 26 30 33 02 07]
2019-07-13(六)	[05 13 18 19 24 02 07]
2019-07-10(三)	[10 13 16 28 35 04 05]
2019-07-08(一)	[05 10 21 26 30 01 07]
2019-07-06(六)	[01 15 17 21 33 07 10]
2019-07-03(三)	[01 06 11 23 29 01 11]
2019-07-01(一)	[05 06 07 11 16 02 11]
2019-06-29(六)	[08 09 13 14 34 05 07]
2019-06-26(三)	[04 11 19 20 24 08 11]
2019-06-24(一)	[02 04 06 09 18 07 10]
2019-06-22(六)	[07 13 14 15 22 07 11]
2019-06-19(三)	[02 13 15 22 34 02 12]
2019-06-17(一)	[08 22 23 33 34 04 06]
2019-06-15(六)	[04 05 08 17 27 06 11]
2019-06-12(三)	[03 08 11 15 16 02 10]
2019-06-10(一)	[04 10 11 18 31 05 08]
2019-06-08(六)	[03 08 10 23 27 02 12]
2019-06-05(三)	[07 08 13 19 29 11 12]
2019-06-03(一)	[05 08 15 18 21 04 08]
2019-06-01(六)	[05 16 23 25 28 01 12]
2019-05-29(三)	[01 02 13 14 26 05 11]
2019-05-27(一)	[01 11 12 18 21 08 10]
2019-05-25(六)	[07 08 15 27 32 08 12]
2019-05-22(三)	[03 10 13 14 32 07 11]
2019-05-20(一)	[08 14 16 34 35 06 12]
2019-05-18(六)	[01 07 10 12 23 06 08]
2019-05-15(三)	[02 04 06 19 22 02 06]
2019-05-13(一)	[02 18 23 27 30 05 10]
2019-05-11(六)	[01 11 19 26 35 11 12]
2019-05-08(三)	[04 10 15 20 24 07 11]
2019-05-06(一)	[11 15 16 20 29 04 08]
2019-05-04(六)	[04 15 16 20 35 03 12]
2019-05-01(三)	[10 16 22 26 27 07 11]
2019-04-29(一)	[06 10 16 29 33 05 11]
2019-04-27(六)	[03 04 10 16 32 04 09]
2019-04-24(三)	[02 08 14 15 35 10 12]
2019-04-22(一)	[01 04 16 19 33 03 12]
2019-04-20(六)	[03 06 10 12 31 01 02]
2019-04-17(三)	[02 06 07 12 15 06 12]
2019-04-15(一)	[04 10 13 28 33 11 12]
2019-04-13(六)	[12 19 20 22 28 02 06]
2019-04-10(三)	[01 03 31 32 34 01 03]
2019-04-08(一)	[01 12 18 26 35 06 12]
2019-04-06(六)	[05 11 16 18 27 07 12]
2019-04-03(三)	[06 16 26 33 35 04 08]
2019-04-01(一)	[03 09 21 28 30 01 12]
2019-03-30(六)	[01 03 05 07 18 08 09]
2019-03-27(三)	[08 12 15 27 30 01 02]
2019-03-25(一)	[01 02 04 16 24 07 09]
2019-03-23(六)	[01 04 07 11 30 07 08]
2019-03-20(三)	[03 08 21 26 33 04 05]
2019-03-18(一)	[07 09 13 14 33 02 04]
2019-03-16(六)	[01 04 18 24 28 02 03]
2019-03-13(三)	[06 22 28 29 33 02 07]
2019-03-11(一)	[16 18 24 25 27 02 07]
2019-03-09(六)	[10 12 15 17 19 02 03]
2019-03-06(三)	[06 13 16 19 29 03 07]
2019-03-04(一)	[11 17 19 29 33 08 09]
2019-03-02(六)	[01 03 14 26 30 06 11]
2019-02-27(三)	[01 04 14 15 21 01 05]
2019-02-25(一)	[07 13 17 24 33 01 10]
2019-02-23(六)	[01 08 16 27 34 03 12]
2019-02-20(三)	[04 11 19 25 32 01 02]
2019-02-18(一)	[03 18 19 26 34 06 12]
2019-02-16(六)	[01 05 07 22 25 03 04]
2019-02-13(三)	[03 05 13 16 28 02 06]
2019-02-11(一)	[02 05 10 13 30 04 06]
2019-02-02(六)	[12 14 20 28 31 09 11]
2019-01-30(三)	[08 10 15 17 18 01 08]
2019-01-28(一)	[05 09 17 18 19 07 10]
2019-01-26(六)	[04 12 13 16 17 04 09]
2019-01-23(三)	[03 07 24 25 27 02 12]
2019-01-21(一)	[03 09 15 18 26 06 12]
2019-01-19(六)	[03 08 17 20 24 06 11]
2019-01-16(三)	[03 12 16 29 32 01 05]
2019-01-14(一)	[14 17 19 25 30 04 08]
2019-01-12(六)	[21 26 27 29 34 05 06]
2019-01-09(三)	[15 16 17 31 32 03 09]
2019-01-07(一)	[04 08 18 20 32 10 12]
2019-01-05(六)	[02 07 14 22 31 01 07]
2019-01-02(三)	[06 18 23 26 28 03 12]
