日期	                数字
2023-07-08(六)	[05 16 18 26 35 03 06]
2023-07-05(三)	[08 09 11 26 34 02 07]
2023-07-03(一)	[07 17 20 23 32 05 11]
2023-07-01(六)	[03 13 22 29 34 02 09]
2023-06-28(三)	[15 25 28 30 35 08 10]
2023-06-26(一)	[05 06 09 11 14 02 04]
2023-06-24(六)	[02 11 12 32 34 10 12]
2023-06-21(三)	[10 26 29 32 33 03 11]
2023-06-19(一)	[08 20 21 25 32 05 07]
2023-06-17(六)	[21 22 24 27 31 07 08]
2023-06-14(三)	[02 28 30 33 35 02 10]
2023-06-12(一)	[06 11 13 30 32 01 03]
2023-06-10(六)	[08 14 16 21 25 03 12]
2023-06-07(三)	[02 06 09 31 32 03 07]
2023-06-05(一)	[04 18 29 31 34 06 09]
2023-06-03(六)	[06 08 22 24 30 01 08]
2023-05-31(三)	[07 11 21 30 32 05 07]
2023-05-29(一)	[02 07 19 24 30 09 12]
2023-05-27(六)	[09 13 23 25 28 04 07]
2023-05-24(三)	[19 22 29 32 35 05 08]
2023-05-22(一)	[01 05 06 19 24 05 11]
2023-05-20(六)	[13 22 24 33 34 01 02]
2023-05-17(三)	[06 08 12 13 15 01 06]
2023-05-15(一)	[19 25 30 31 34 07 09]
2023-05-13(六)	[01 03 11 14 20 02 11]
2023-05-10(三)	[02 08 11 30 33 05 08]
2023-05-08(一)	[03 11 19 29 33 03 12]
2023-05-06(六)	[08 09 14 25 29 04 06]
2023-05-03(三)	[03 17 22 26 28 07 12]
2023-05-01(一)	[07 13 16 25 32 09 11]
2023-04-29(六)	[10 12 13 24 25 11 12]
2023-04-26(三)	[13 21 25 28 32 02 10]
2023-04-24(一)	[07 10 13 28 31 04 05]
2023-04-22(六)	[02 06 07 08 15 07 10]
2023-04-19(三)	[02 04 17 20 27 01 08]
2023-04-17(一)	[02 16 21 23 27 01 08]
2023-04-15(六)	[05 08 13 26 35 05 09]
2023-04-12(三)	[04 05 18 22 30 05 12]
2023-04-10(一)	[02 24 26 30 34 06 07]
2023-04-08(六)	[04 10 18 27 32 10 12]
2023-04-05(三)	[06 08 16 20 24 07 08]
2023-04-03(一)	[01 13 22 26 31 02 10]
2023-04-01(六)	[07 14 23 25 29 02 11]
2023-03-29(三)	[07 09 10 15 24 04 12]
2023-03-27(一)	[04 06 10 11 25 07 09]
2023-03-25(六)	[05 06 18 28 30 02 07]
2023-03-22(三)	[05 07 08 16 25 03 11]
2023-03-20(一)	[06 11 12 20 35 05 12]
2023-03-18(六)	[07 25 27 34 35 09 11]
2023-03-15(三)	[01 03 29 30 34 04 12]
2023-03-13(一)	[09 10 12 15 23 03 06]
2023-03-11(六)	[02 13 24 27 30 01 06]
2023-03-08(三)	[03 09 27 30 31 11 12]
2023-03-06(一)	[11 15 24 27 30 01 10]
2023-03-04(六)	[09 21 23 25 33 03 10]
2023-03-01(三)	[07 11 15 26 28 08 10]
2023-02-27(一)	[02 09 18 23 27 03 05]
2023-02-25(六)	[05 06 23 25 28 06 09]
2023-02-22(三)	[05 08 09 11 15 06 08]
2023-02-20(一)	[04 08 17 26 30 03 11]
2023-02-18(六)	[02 05 09 22 27 10 11]
2023-02-15(三)	[02 04 12 31 32 07 11]
2023-02-13(一)	[08 16 24 25 34 08 12]
2023-02-11(六)	[03 08 18 22 24 01 09]
2023-02-08(三)	[01 02 09 23 25 02 06]
2023-02-06(一)	[07 16 17 18 28 02 03]
2023-02-04(六)	[02 07 08 17 25 01 03]
2023-02-01(三)	[05 06 13 23 26 01 06]
2023-01-30(一)	[01 05 11 15 33 01 10]
2023-01-18(三)	[04 09 17 22 25 01 05]
2023-01-16(一)	[02 03 24 30 32 01 06]
2023-01-14(六)	[02 04 12 27 35 06 07]
2023-01-11(三)	[01 03 10 20 29 06 11]
2023-01-09(一)	[04 13 15 20 22 04 08]
2023-01-07(六)	[05 06 14 21 22 02 09]
2023-01-04(三)	[11 14 21 26 27 02 07]
2023-01-02(一)	[18 19 24 27 34 11 12]